st0 = 1.0
st1 = st0 + 0.1;
st2 = st0 + 0.3;
st3 = st0 + 0.4;